      EB140 receive   EB140 approved    EB485 received    EB 485 approved         EB 485 pending
2019	142,451           146,357            102,025           104,849                147,252
2018    136,585           135,653            132,708           109,369                161,023
2017    139,566           126,173            139,555           114,480                149,382
2016    147,581           130,761            128,858           110,406                129,424
2015     98,895            99,477            123,239           117,416                116,941
2014     81,658            62,295            122,532           126,939                115,089
2013     69,921            75,750            106,571           139,038                120,078
2012     72,964            69,788            140,107           124,808  			  145,830

note: 2012 year end 485 pending number is taken from 2013 1st quarter pending number *


略微总结了下过去8年的trend

    EB140Rec EB140Approve EB485Rec EB485Approve	EB485Pending
2019	142,451	146,357	102,025	104,849	147,252
2018	136,585	135,653	132,708	109,369	161,023
2017	139,566	126,173	139,555	114,480	149,382
2016	147,581	130,761	128,858	110,406	129,424
2015	98,895	99,477	123,239	117,416	116,941
2014	81,658	62,295	122,532	126,939	115,089
2013	69,921	75,750	106,571	139,038	120,078
2012	72,964	69,788	140,107	124,808	

2012 485 pending的数据没有

请注意上述数据不包括境外cp

几个点
1. EB485批准绿卡数量呈现持续下降趋势，比最高的13年（超发）整整少了3万5，eb12345平均每个类别少发7000张

2. EB485 receive数量在2017年和18年几乎是史高，这里面不知道有多少是eb1 row多出来的demand。

3. EB140 申请和批准数量直线上升，这些申请在未来2-6年内将会持续转化为485的需求。这里面有多少140是重复提交（换工作，新的perm，夫妻都提交）还不清楚，有多少是来自中国的demand也不清楚，但是整体大趋势毋庸置疑，2016-2018年比起2013-2014年几乎翻倍。如果按比例把demand增加的部分归类于烙印，中国和row，未来中国eb23能吃到so的概率极低。目前485的中国的需求还只处理到17年（eb1）和15年（eb23），未来485的需求将会非常的不乐观（可能会爆）

3. 与140不同的是，EB485 receive数量在19财年出现断崖式下跌。这个可以“归功”于奥本设置的b表排期，阻挡了大量的人递交485（eb1现在17年底还没交上485，eb23去年短暂放水到17年，就是为了要建库）。目前奥本思路很清晰，全部排期，人为压制485的demand

4. 结论是什么？eb批准的绿卡总数量持续下跌已是不争事实。在buy american hire american的光辉指引下，美国整体右转，eb移民哪儿都不受待见。与此同时的是，eb绿卡需求却是持续上升。恶果在eb1已经体现（中国排期3年+），eb23的恶果将在eb处理到16年之后体现出来，eb5更是不用说了

